,lon,lat
0,126.6033531887669,33.276644928110784
1,126.60316870101954,33.2946826394248
2,126.22679591686816,33.32747271830158
3,126.36737974048219,33.25668027825365
4,126.69990678160569,33.286323490719944
5,126.48566422365512,33.239662569934104
6,126.47472138576283,33.257611719441975
7,126.49515651872774,33.34797237869097
8,126.77455498868228,33.3499189872869
9,126.74270560810602,33.304630892226726
10,126.43123471248337,33.30234225379646
11,126.79444337160284,33.548461602192255
12,126.77365490292384,33.45814777408383
13,126.22758189830489,33.273366460173285
14,126.67859861658756,33.268145291135255
15,126.29087527410795,33.35517030208239
16,126.72130393149621,33.295479008078864
17,126.81733031870684,33.377220302100945
18,126.44262701291318,33.24832354306179
19,126.29187111708173,33.28302708569382
