,lon,lat
0,126.63333009142056,33.5023426033844
1,126.90296154303326,33.4317792961107
2,126.77485394983947,33.31384230026103
3,126.85986778232227,33.440583888292714
4,126.71953236349543,33.49389629859982
5,126.31322284317662,33.2922519830552
6,126.22679591686816,33.32747271830158
7,126.59233596093273,33.30362348420778
8,126.3783441263699,33.23874102143112
9,126.52658966283288,33.42037718771848
10,126.18369264330845,33.336042336710875
11,126.77365490292384,33.45814777408383
12,126.60075534605052,33.529168027090584
13,126.36492435902763,33.44606030526232
14,126.64436125702538,33.47536146370061
15,126.58026792199234,33.429806112854564
16,126.62338248634279,33.42109900175507
17,126.23896520322802,33.22838677955096
18,126.45260645674402,33.311543569590775
19,126.31371083131079,33.25617982224847
