,lon,lat,index,충전소수,관광지수,호텔수,음식점수,주차장수,이용률8시_13시
0,126.1849111045356,33.25488426173663,1,108.0,67.0,19.0,148.0,33.0,8.1875
1,126.63377902498176,33.45724936953708,2,297.0,109.0,28.0,195.0,100.0,17.7125
2,126.37718983773513,33.32892332976446,3,267.0,117.0,71.0,256.0,114.0,19.458333333333332
3,126.6569526975584,33.28603956612356,4,244.0,80.0,44.0,272.0,130.0,13.858333333333333
4,126.7307747731837,33.43985032575021,5,205.0,131.0,41.0,214.0,104.0,12.465277777777777
5,126.81612779738279,33.5305445897282,6,151.0,79.0,29.0,126.0,61.0,7.696338383838382
6,126.52658966283288,33.42037718771848,7,226.0,85.0,25.0,185.0,106.0,18.513095238095232
7,126.46174095726074,33.446908821880754,8,362.0,100.0,132.0,772.0,217.0,26.9797619047619
8,126.6568659557715,33.29505854332965,9,252.0,80.0,44.0,277.0,133.0,15.920833333333333
9,126.6462142719004,33.285966266054174,10,246.0,80.0,46.0,280.0,126.0,13.858333333333333
10,126.21592160865671,33.33637976285529,11,258.0,109.0,49.0,228.0,67.0,17.7125
11,126.2594055736017,33.300745485137156,12,383.0,171.0,85.0,376.0,114.0,31.23333333333333
12,126.77365490292384,33.45814777408383,13,188.0,111.0,46.0,204.0,86.0,9.696338383838382
13,126.67766751343044,33.36735414114597,14,154.0,86.0,25.0,85.0,75.0,8.75
14,126.82821903113047,33.359240516132765,15,199.0,71.0,56.0,241.0,59.0,12.375
15,126.3345791492036,33.30147329706546,16,379.0,172.0,110.0,387.0,146.0,26.35833333333333
16,126.195241792678,33.282050248161006,17,197.0,93.0,30.0,205.0,58.0,15.275
17,126.65459705580854,33.52954727372667,18,267.0,89.0,33.0,181.0,102.0,12.525
18,126.76373248995472,33.3588748571693,19,224.0,84.0,36.0,251.0,75.0,11.125
19,126.42968979869231,33.42859805235982,20,337.0,98.0,105.0,341.0,165.0,23.300595238095234
