,lon,lat,index,충전소수,관광지수,호텔수,음식점수,주차장수,이용률13시_18시
0,126.6033531887669,33.276644928110784,1,254.0,88.0,55.0,270.0,129.0,20.160714285714285
1,126.60316870101954,33.2946826394248,2,264.0,95.0,56.0,268.0,129.0,20.160714285714285
2,126.22679591686816,33.32747271830158,3,288.0,117.0,48.0,196.0,74.0,21.785714285714285
3,126.36737974048219,33.25668027825365,4,319.0,143.0,109.0,438.0,124.0,28.07142857142857
4,126.69990678160569,33.286323490719944,5,193.0,57.0,31.0,212.0,99.0,12.806547619047617
5,126.48566422365512,33.239662569934104,6,246.0,77.0,79.0,318.0,100.0,16.083333333333332
6,126.47472138576283,33.257611719441975,7,240.0,90.0,75.0,312.0,99.0,16.479166666666664
7,126.49515651872774,33.34797237869097,8,89.0,73.0,14.0,7.0,40.0,6.0920329670329645
8,126.77455498868228,33.3499189872869,9,216.0,76.0,41.0,259.0,74.0,8.775
9,126.74270560810602,33.304630892226726,10,164.0,52.0,28.0,168.0,62.0,8.7125
10,126.43123471248337,33.30234225379646,11,257.0,123.0,73.0,264.0,108.0,20.238095238095237
11,126.79444337160284,33.548461602192255,12,149.0,69.0,36.0,117.0,68.0,5.500378787878787
12,126.77365490292384,33.45814777408383,13,188.0,111.0,46.0,204.0,86.0,7.542045454545453
13,126.22758189830489,33.273366460173285,14,269.0,128.0,61.0,334.0,91.0,22.848214285714285
14,126.67859861658756,33.268145291135255,15,235.0,62.0,43.0,252.0,112.0,15.098214285714285
15,126.29087527410795,33.35517030208239,16,348.0,138.0,76.0,204.0,100.0,26.88392857142857
16,126.72130393149621,33.295479008078864,17,170.0,50.0,30.0,171.0,73.0,9.525
17,126.81733031870684,33.377220302100945,18,211.0,88.0,57.0,254.0,71.0,8.775
18,126.44262701291318,33.24832354306179,19,263.0,95.0,79.0,336.0,87.0,19.604166666666664
19,126.29187111708173,33.28302708569382,20,374.0,175.0,89.0,371.0,128.0,35.19642857142857
