,lon,lat
0,126.1849111045356,33.25488426173663
1,126.63377902498176,33.45724936953708
2,126.37718983773513,33.32892332976446
3,126.6569526975584,33.28603956612356
4,126.7307747731837,33.43985032575021
5,126.81612779738279,33.5305445897282
6,126.52658966283288,33.42037718771848
7,126.46174095726074,33.446908821880754
8,126.6568659557715,33.29505854332965
9,126.6462142719004,33.285966266054174
10,126.21592160865671,33.33637976285529
11,126.2594055736017,33.300745485137156
12,126.77365490292384,33.45814777408383
13,126.67766751343044,33.36735414114597
14,126.82821903113047,33.359240516132765
15,126.3345791492036,33.30147329706546
16,126.195241792678,33.282050248161006
17,126.65459705580854,33.52954727372667
18,126.76373248995472,33.3588748571693
19,126.42968979869231,33.42859805235982
