,lon,lat,index,충전소수,관광지수,호텔수,음식점수,주차장수,이용률18시_23시
0,126.63333009142056,33.5023426033844,1,329.0,120.0,74.0,511.0,164.0,28.12878787878787
1,126.90296154303326,33.4317792961107,2,154.0,74.0,50.0,170.0,57.0,8.133333333333333
2,126.77485394983947,33.31384230026103,3,194.0,52.0,35.0,236.0,55.0,14.483333333333325
3,126.85986778232227,33.440583888292714,4,226.0,115.0,60.0,290.0,82.0,9.699999999999994
4,126.71953236349543,33.49389629859982,5,286.0,131.0,56.0,170.0,118.0,15.649999999999991
5,126.31322284317662,33.2922519830552,6,373.0,181.0,94.0,381.0,136.0,27.766666666666648
6,126.22679591686816,33.32747271830158,7,288.0,117.0,48.0,196.0,74.0,16.39999999999999
7,126.59233596093273,33.30362348420778,8,259.0,99.0,53.0,265.0,131.0,20.026923076923072
8,126.3783441263699,33.23874102143112,9,295.0,131.0,104.0,451.0,114.0,22.899999999999988
9,126.52658966283288,33.42037718771848,10,226.0,85.0,25.0,185.0,106.0,24.18263403263402
10,126.18369264330845,33.336042336710875,11,213.0,93.0,38.0,159.0,49.0,11.266666666666664
11,126.77365490292384,33.45814777408383,12,188.0,111.0,46.0,204.0,86.0,3.833333333333331
12,126.60075534605052,33.529168027090584,13,274.0,70.0,59.0,578.0,159.0,31.5621212121212
13,126.36492435902763,33.44606030526232,14,328.0,95.0,115.0,316.0,123.0,28.55384615384613
14,126.64436125702538,33.47536146370061,15,321.0,126.0,39.0,223.0,122.0,24.533333333333317
15,126.58026792199234,33.429806112854564,16,265.0,99.0,56.0,489.0,153.0,27.1621212121212
16,126.62338248634279,33.42109900175507,17,224.0,107.0,22.0,146.0,83.0,22.362121212121195
17,126.23896520322802,33.22838677955096,18,196.0,88.0,62.0,313.0,59.0,16.533333333333328
18,126.45260645674402,33.311543569590775,19,235.0,105.0,60.0,241.0,97.0,18.38333333333333
19,126.31371083131079,33.25617982224847,20,315.0,145.0,92.0,397.0,120.0,24.699999999999985
